This is cutadapt 5.2 with Python 3.12.14
Command line parameters: -a AGATCGGAAGAGCACACGTCTGAACTCCAGTCA -o SRR25630394_1_trimmed.fastq ../../data/SRR25630394_1.fastq.gz
Processing single-end reads on 1 core ...

=== Summary ===

Total reads processed:               5,885,243
Reads with adapters:                   458,160 (7.8%)
Reads written (passing filters):     5,885,243 (100.0%)

Total basepairs processed:   882,786,450 bp
Total written (filtered):    874,715,791 bp (99.1%)

=== Adapter 1 ===

Sequence: AGATCGGAAGAGCACACGTCTGAACTCCAGTCA; Type: regular 3'; Length: 33; Trimmed: 458160 times

Minimum overlap: 3
No. of allowed errors:
1-9 bp: 0; 10-19 bp: 1; 20-29 bp: 2; 30-33 bp: 3

Bases preceding removed adapters:
  A: 14.2%
  C: 25.9%
  G: 44.5%
  T: 15.3%
  none/other: 0.0%

Overview of removed sequences
length	count	expect	max.err	error counts
3	101387	91956.9	0	101387
4	33292	22989.2	0	33292
5	16856	5747.3	0	16856
6	12400	1436.8	0	12400
7	11823	359.2	0	11823
8	11246	89.8	0	11246
9	11253	22.5	0	11166 87
10	10883	5.6	1	10479 404
11	10858	1.4	1	10441 417
12	10135	0.4	1	9736 399
13	10110	0.1	1	9700 410
14	9924	0.0	1	9490 434
15	9662	0.0	1	9221 441
16	9355	0.0	1	8927 428
17	8745	0.0	1	8294 451
18	8395	0.0	1	7976 416 3
19	8170	0.0	1	7709 449 12
20	8184	0.0	2	7685 443 56
21	7748	0.0	2	7220 451 77
22	7596	0.0	2	7053 458 85
23	7226	0.0	2	6754 396 76
24	6896	0.0	2	6386 418 92
25	6803	0.0	2	6272 458 73
26	6368	0.0	2	5865 430 73
27	5958	0.0	2	5484 399 69 6
28	6181	0.0	2	5663 443 70 5
29	5656	0.0	2	5201 384 67 4
30	5199	0.0	3	4703 403 66 27
31	5187	0.0	3	4672 402 65 48
32	5076	0.0	3	4602 384 58 32
33	4738	0.0	3	4303 348 57 30
34	4599	0.0	3	4192 314 63 30
35	4246	0.0	3	3842 320 54 30
36	3983	0.0	3	3617 272 63 31
37	4124	0.0	3	3705 320 73 26
38	3869	0.0	3	3507 282 58 22
39	3514	0.0	3	3209 245 37 23
40	3496	0.0	3	3190 247 42 17
41	3185	0.0	3	2899 234 34 18
42	2934	0.0	3	2680 205 32 17
43	2750	0.0	3	2520 174 37 19
44	2767	0.0	3	2512 197 43 15
45	2505	0.0	3	2270 193 32 10
46	2324	0.0	3	2120 166 23 15
47	2290	0.0	3	2073 185 23 9
48	2123	0.0	3	1942 154 18 9
49	1987	0.0	3	1825 119 29 14
50	1810	0.0	3	1671 105 21 13
51	1733	0.0	3	1589 107 25 12
52	1561	0.0	3	1418 113 22 8
53	1407	0.0	3	1287 100 12 8
54	1410	0.0	3	1288 101 12 9
55	1312	0.0	3	1192 99 13 8
56	1082	0.0	3	984 78 10 10
57	1119	0.0	3	1015 71 22 11
58	1029	0.0	3	927 82 16 4
59	1032	0.0	3	913 97 15 7
60	852	0.0	3	773 61 11 7
61	828	0.0	3	736 70 17 5
62	743	0.0	3	667 61 10 5
63	678	0.0	3	610 52 12 4
64	642	0.0	3	596 33 11 2
65	562	0.0	3	516 32 10 4
66	541	0.0	3	489 31 12 9
67	497	0.0	3	445 34 10 8
68	456	0.0	3	408 34 11 3
69	412	0.0	3	348 46 11 7
70	386	0.0	3	345 31 9 1
71	353	0.0	3	312 30 5 6
72	285	0.0	3	250 27 5 3
73	308	0.0	3	269 28 5 6
74	238	0.0	3	196 28 9 5
75	228	0.0	3	200 17 6 5
76	231	0.0	3	200 21 5 5
77	210	0.0	3	180 17 8 5
78	174	0.0	3	145 23 2 4
79	141	0.0	3	119 15 2 5
80	149	0.0	3	131 12 3 3
81	110	0.0	3	98 8 4
82	127	0.0	3	103 19 3 2
83	108	0.0	3	89 14 2 3
84	112	0.0	3	94 13 1 4
85	102	0.0	3	81 10 3 8
86	83	0.0	3	64 8 6 5
87	80	0.0	3	67 7 3 3
88	70	0.0	3	55 9 3 3
89	58	0.0	3	46 9 1 2
90	73	0.0	3	65 5 2 1
91	53	0.0	3	40 5 5 3
92	54	0.0	3	44 3 1 6
93	36	0.0	3	28 4 2 2
94	44	0.0	3	36 3 1 4
95	47	0.0	3	34 6 4 3
96	36	0.0	3	28 5 2 1
97	42	0.0	3	33 2 3 4
98	23	0.0	3	19 1 2 1
99	18	0.0	3	13 0 4 1
100	31	0.0	3	19 9 0 3
101	19	0.0	3	12 5 0 2
102	24	0.0	3	19 3 1 1
103	29	0.0	3	15 6 4 4
104	16	0.0	3	10 2 2 2
105	19	0.0	3	8 2 7 2
106	12	0.0	3	7 3 2
107	22	0.0	3	12 5 3 2
108	12	0.0	3	8 1 0 3
109	22	0.0	3	14 4 1 3
110	10	0.0	3	7 3
111	12	0.0	3	7 2 3
112	4	0.0	3	3 0 1
113	13	0.0	3	9 1 1 2
114	8	0.0	3	5 1 1 1
115	15	0.0	3	9 1 4 1
116	9	0.0	3	2 2 3 2
117	7	0.0	3	2 3 1 1
118	10	0.0	3	4 4 2
119	8	0.0	3	5 1 1 1
120	9	0.0	3	4 2 2 1
121	11	0.0	3	6 4 1
122	3	0.0	3	1 2
123	8	0.0	3	4 3 1
124	10	0.0	3	8 0 2
125	11	0.0	3	7 0 2 2
126	4	0.0	3	2 1 0 1
127	3	0.0	3	2 1
128	9	0.0	3	7 0 0 2
129	3	0.0	3	3
130	8	0.0	3	5 1 2
131	2	0.0	3	2
132	3	0.0	3	3
133	4	0.0	3	2 2
134	4	0.0	3	4
135	1	0.0	3	1
136	1	0.0	3	1
137	1	0.0	3	0 1
138	2	0.0	3	0 1 1
139	1	0.0	3	0 1
140	5	0.0	3	3 2
143	3	0.0	3	1 0 2
145	1	0.0	3	1
147	2	0.0	3	1 0 1
148	2	0.0	3	1 0 0 1
149	1	0.0	3	0 0 0 1
150	55	0.0	3	1 50 4
