This is cutadapt 5.2 with Python 3.12.14
Command line parameters: -a AGATCGGAAGAGCGTCGTGTAGGGAAAGAGTGT -o SRR25630308_2_trimmed.fastq ../../data/SRR25630308_2.fastq.gz
Processing single-end reads on 1 core ...

=== Summary ===

Total reads processed:              31,824,352
Reads with adapters:                 8,257,237 (25.9%)
Reads written (passing filters):    31,824,352 (100.0%)

Total basepairs processed: 4,773,652,800 bp
Total written (filtered):  4,567,221,589 bp (95.7%)

=== Adapter 1 ===

Sequence: AGATCGGAAGAGCGTCGTGTAGGGAAAGAGTGT; Type: regular 3'; Length: 33; Trimmed: 8257237 times

Minimum overlap: 3
No. of allowed errors:
1-9 bp: 0; 10-19 bp: 1; 20-29 bp: 2; 30-33 bp: 3

Bases preceding removed adapters:
  A: 7.8%
  C: 23.3%
  G: 58.1%
  T: 10.7%
  none/other: 0.0%

Overview of removed sequences
length	count	expect	max.err	error counts
3	768987	497255.5	0	768987
4	269089	124313.9	0	269089
5	201909	31078.5	0	201909
6	180431	7769.6	0	180431
7	174736	1942.4	0	174736
8	174362	485.6	0	174362
9	174434	121.4	0	173821 613
10	175314	30.4	1	170562 4752
11	181765	7.6	1	176812 4953
12	173791	1.9	1	169390 4401
13	178118	0.5	1	173372 4746
14	182156	0.1	1	177679 4477
15	181452	0.0	1	176456 4996
16	170698	0.0	1	165546 5152
17	169663	0.0	1	164678 4985
18	161748	0.0	1	155426 6319 3
19	161222	0.0	1	154449 6717 56
20	164691	0.0	2	151443 11727 1521
21	163672	0.0	2	149500 12308 1864
22	164067	0.0	2	149870 12316 1881
23	162843	0.0	2	148339 12620 1884
24	163078	0.0	2	148553 12558 1967
25	158089	0.0	2	129267 24578 4244
26	154673	0.0	2	118526 29143 7004
27	157563	0.0	2	113866 33386 10301 10
28	145338	0.0	2	104303 30889 10092 54
29	143312	0.0	2	72745 44776 20813 4978
30	142002	0.0	3	72395 43085 19335 7187
31	134907	0.0	3	60566 37053 25027 12261
32	134154	0.0	3	60829 36999 24620 11706
33	124485	0.0	3	37876 32265 32211 22133
34	121468	0.0	3	38542 31116 30817 20993
35	117606	0.0	3	37230 30768 29408 20200
36	113331	0.0	3	36971 28829 28410 19121
37	122752	0.0	3	40152 31926 30146 20528
38	115897	0.0	3	37907 29940 29090 18960
39	110113	0.0	3	36294 28376 27112 18331
40	109403	0.0	3	34845 29785 27609 17164
41	103610	0.0	3	34050 27356 25589 16615
42	97780	0.0	3	32385 25559 24469 15367
43	95290	0.0	3	32233 24790 23268 14999
44	94137	0.0	3	30890 25024 23554 14669
45	90792	0.0	3	30226 24427 22018 14121
46	84996	0.0	3	27713 23852 21002 12429
47	82960	0.0	3	28935 22174 19713 12138
48	74811	0.0	3	25077 21073 17919 10742
49	73529	0.0	3	25383 20232 17732 10182
50	66767	0.0	3	23086 18645 15789 9247
51	62666	0.0	3	22002 17207 14699 8758
52	60281	0.0	3	21112 16826 14293 8050
53	57827	0.0	3	19816 16428 13805 7778
54	54932	0.0	3	19341 15446 13016 7129
55	53275	0.0	3	18660 15725 12470 6420
56	47837	0.0	3	16368 14257 11304 5908
57	42992	0.0	3	15749 12514 9593 5136
58	41685	0.0	3	15190 12091 9504 4900
59	36757	0.0	3	13256 10916 8223 4362
60	35086	0.0	3	12234 10720 8075 4057
61	31172	0.0	3	11304 8900 7188 3780
62	27174	0.0	3	10126 8000 5955 3093
63	25496	0.0	3	9537 7430 5721 2808
64	22941	0.0	3	8549 6924 5006 2462
65	21838	0.0	3	8024 6668 4830 2316
66	18707	0.0	3	7295 5489 4048 1875
67	16859	0.0	3	6500 4944 3683 1732
68	14838	0.0	3	5672 4587 3144 1435
69	13804	0.0	3	5283 4323 2855 1343
70	12315	0.0	3	4918 3667 2543 1187
71	11472	0.0	3	4265 3603 2418 1186
72	9657	0.0	3	3701 2927 2116 913
73	8162	0.0	3	3253 2436 1727 746
74	7394	0.0	3	2955 2295 1513 631
75	6489	0.0	3	2576 2100 1252 561
76	5933	0.0	3	2309 1901 1201 522
77	4902	0.0	3	1966 1559 961 416
78	4430	0.0	3	1797 1375 879 379
79	4091	0.0	3	1636 1351 769 335
80	3423	0.0	3	1374 1046 671 332
81	3076	0.0	3	1264 1014 583 215
82	2646	0.0	3	1075 856 497 218
83	2429	0.0	3	984 782 481 182
84	1981	0.0	3	815 660 365 141
85	1678	0.0	3	685 565 305 123
86	1545	0.0	3	612 554 280 99
87	1342	0.0	3	554 447 239 102
88	1100	0.0	3	460 387 180 73
89	971	0.0	3	406 328 174 63
90	1013	0.0	3	410 352 176 75
91	797	0.0	3	326 277 136 58
92	639	0.0	3	293 199 99 48
93	644	0.0	3	248 245 102 49
94	505	0.0	3	211 163 93 38
95	487	0.0	3	213 147 81 46
96	407	0.0	3	162 129 76 40
97	371	0.0	3	143 124 63 41
98	317	0.0	3	137 97 54 29
99	284	0.0	3	126 95 43 20
100	253	0.0	3	99 80 49 25
101	209	0.0	3	71 81 36 21
102	180	0.0	3	57 70 33 20
103	192	0.0	3	84 62 24 22
104	180	0.0	3	57 60 40 23
105	120	0.0	3	46 39 21 14
106	102	0.0	3	39 32 16 15
107	120	0.0	3	45 34 27 14
108	102	0.0	3	50 26 16 10
109	133	0.0	3	53 41 19 20
110	102	0.0	3	38 37 17 10
111	85	0.0	3	34 20 18 13
112	81	0.0	3	31 22 17 11
113	78	0.0	3	28 19 16 15
114	54	0.0	3	20 14 11 9
115	62	0.0	3	23 23 9 7
116	47	0.0	3	18 15 6 8
117	65	0.0	3	22 24 8 11
118	75	0.0	3	24 19 18 14
119	53	0.0	3	13 14 18 8
120	41	0.0	3	16 11 7 7
121	48	0.0	3	12 13 14 9
122	27	0.0	3	7 12 3 5
123	18	0.0	3	6 5 6 1
124	15	0.0	3	2 3 6 4
125	17	0.0	3	8 4 1 4
126	12	0.0	3	5 1 5 1
127	17	0.0	3	6 6 1 4
128	12	0.0	3	3 2 5 2
129	9	0.0	3	2 4 0 3
130	9	0.0	3	6 0 2 1
131	11	0.0	3	3 4 4
132	7	0.0	3	3 3 1
133	4	0.0	3	3 0 1
134	4	0.0	3	2 2
135	3	0.0	3	0 0 2 1
136	4	0.0	3	2 1 1
137	3	0.0	3	0 2 1
138	3	0.0	3	2 0 1
139	1	0.0	3	0 1
141	2	0.0	3	1 1
142	2	0.0	3	2
145	1	0.0	3	1
147	6	0.0	3	2 2 2
148	2	0.0	3	2
150	8	0.0	3	3 1 1 3
