This is cutadapt 5.2 with Python 3.12.14
Command line parameters: -a AGATCGGAAGAGCGTCGTGTAGGGAAAGAGTGT -o SRR25630394_2_trimmed.fastq ../../data/SRR25630394_2.fastq.gz
Processing single-end reads on 1 core ...

=== Summary ===

Total reads processed:               5,885,243
Reads with adapters:                   496,990 (8.4%)
Reads written (passing filters):     5,885,243 (100.0%)

Total basepairs processed:   882,786,450 bp
Total written (filtered):    874,796,420 bp (99.1%)

=== Adapter 1 ===

Sequence: AGATCGGAAGAGCGTCGTGTAGGGAAAGAGTGT; Type: regular 3'; Length: 33; Trimmed: 496990 times

Minimum overlap: 3
No. of allowed errors:
1-9 bp: 0; 10-19 bp: 1; 20-29 bp: 2; 30-33 bp: 3

Bases preceding removed adapters:
  A: 14.1%
  C: 25.7%
  G: 48.5%
  T: 11.6%
  none/other: 0.0%

Overview of removed sequences
length	count	expect	max.err	error counts
3	137955	91956.9	0	137955
4	37227	22989.2	0	37227
5	17807	5747.3	0	17807
6	13143	1436.8	0	13143
7	12262	359.2	0	12262
8	11532	89.8	0	11532
9	11416	22.5	0	11246 170
10	11029	5.6	1	10663 366
11	11087	1.4	1	10738 349
12	10243	0.4	1	9993 250
13	10315	0.1	1	10094 221
14	9971	0.0	1	9781 190
15	9734	0.0	1	9478 256
16	9483	0.0	1	9228 255
17	8806	0.0	1	8582 224
18	8461	0.0	1	8133 327 1
19	8219	0.0	1	7902 313 4
20	8205	0.0	2	7457 666 82
21	7764	0.0	2	7051 634 79
22	7621	0.0	2	6856 669 96
23	7251	0.0	2	6550 608 93
24	6916	0.0	2	6259 583 74
25	6825	0.0	2	5569 1091 165
26	6368	0.0	2	4975 1155 238
27	5935	0.0	2	4460 1172 302 1
28	6130	0.0	2	4643 1213 270 4
29	5512	0.0	2	2837 1917 671 87
30	5141	0.0	3	2523 1854 594 170
31	5046	0.0	3	2105 1659 938 344
32	4910	0.0	3	2089 1552 906 363
33	4363	0.0	3	1124 1262 1253 724
34	4199	0.0	3	1034 1325 1175 665
35	3939	0.0	3	990 1120 1160 669
36	3699	0.0	3	907 1093 1048 651
37	3847	0.0	3	941 1239 1073 594
38	3568	0.0	3	930 1058 1038 542
39	3322	0.0	3	875 983 935 529
40	3258	0.0	3	826 987 906 539
41	2969	0.0	3	767 900 838 464
42	2740	0.0	3	724 842 770 404
43	2574	0.0	3	680 824 695 375
44	2620	0.0	3	662 856 741 361
45	2337	0.0	3	615 698 662 362
46	2185	0.0	3	608 667 567 343
47	2175	0.0	3	571 692 605 307
48	1996	0.0	3	532 666 521 277
49	1885	0.0	3	511 604 524 246
50	1693	0.0	3	502 520 473 198
51	1631	0.0	3	441 504 459 227
52	1476	0.0	3	418 522 384 152
53	1339	0.0	3	398 422 386 133
54	1343	0.0	3	402 472 322 147
55	1255	0.0	3	378 404 315 158
56	1028	0.0	3	306 341 274 107
57	1061	0.0	3	306 357 269 129
58	970	0.0	3	300 338 234 98
59	985	0.0	3	286 306 272 121
60	810	0.0	3	223 297 193 97
61	790	0.0	3	228 268 204 90
62	713	0.0	3	219 228 180 86
63	660	0.0	3	199 222 163 76
64	624	0.0	3	203 219 136 66
65	540	0.0	3	159 179 138 64
66	523	0.0	3	161 186 115 61
67	483	0.0	3	156 157 116 54
68	444	0.0	3	140 157 115 32
69	393	0.0	3	108 152 95 38
70	376	0.0	3	120 136 86 34
71	337	0.0	3	113 110 75 39
72	285	0.0	3	96 90 71 28
73	297	0.0	3	93 103 71 30
74	240	0.0	3	73 83 55 29
75	227	0.0	3	71 86 45 25
76	228	0.0	3	78 80 54 16
77	205	0.0	3	62 67 53 23
78	171	0.0	3	53 68 33 17
79	141	0.0	3	43 54 33 11
80	137	0.0	3	48 54 21 14
81	106	0.0	3	41 30 27 8
82	123	0.0	3	40 44 24 15
83	103	0.0	3	43 35 19 6
84	106	0.0	3	34 39 21 12
85	94	0.0	3	23 31 26 14
86	79	0.0	3	30 26 14 9
87	76	0.0	3	27 25 14 10
88	69	0.0	3	19 27 13 10
89	58	0.0	3	17 22 11 8
90	77	0.0	3	27 28 13 9
91	52	0.0	3	23 14 5 10
92	47	0.0	3	17 14 10 6
93	31	0.0	3	10 11 4 6
94	42	0.0	3	10 12 14 6
95	46	0.0	3	11 14 13 8
96	36	0.0	3	10 11 12 3
97	39	0.0	3	11 13 6 9
98	22	0.0	3	7 7 6 2
99	17	0.0	3	5 4 7 1
100	28	0.0	3	7 7 9 5
101	18	0.0	3	4 6 2 6
102	23	0.0	3	8 5 7 3
103	25	0.0	3	11 6 5 3
104	15	0.0	3	4 5 3 3
105	17	0.0	3	7 3 2 5
106	9	0.0	3	1 3 4 1
107	22	0.0	3	7 8 2 5
108	11	0.0	3	4 5 1 1
109	15	0.0	3	3 3 3 6
110	11	0.0	3	3 3 4 1
111	10	0.0	3	4 2 3 1
112	6	0.0	3	3 1 0 2
113	9	0.0	3	3 2 1 3
114	7	0.0	3	2 1 2 2
115	12	0.0	3	2 6 2 2
116	5	0.0	3	0 1 3 1
117	9	0.0	3	3 4 2
118	10	0.0	3	3 3 3 1
119	11	0.0	3	4 2 2 3
120	7	0.0	3	1 4 1 1
121	10	0.0	3	5 1 2 2
122	4	0.0	3	1 2 0 1
123	7	0.0	3	5 0 1 1
124	12	0.0	3	7 1 1 3
125	7	0.0	3	2 1 2 2
126	6	0.0	3	3 1 0 2
127	2	0.0	3	0 2
128	9	0.0	3	4 2 1 2
129	3	0.0	3	3
130	8	0.0	3	5 2 0 1
131	2	0.0	3	1 1
132	3	0.0	3	3
133	2	0.0	3	2
134	4	0.0	3	3 0 1
135	1	0.0	3	0 1
136	1	0.0	3	0 0 1
137	1	0.0	3	0 1
139	1	0.0	3	0 0 0 1
140	4	0.0	3	3 1
143	1	0.0	3	0 0 1
145	1	0.0	3	0 1
147	1	0.0	3	1
148	1	0.0	3	1
150	1	0.0	3	0 1
