Done           00:01:58    31,824,352 reads @   3.7 µs/read;  16.05 M reads/minute

=== Summary ===

Total reads processed:              31,824,352
Reads with adapters:                 8,258,276 (25.9%)
Reads written (passing filters):    31,824,352 (100.0%)

Total basepairs processed: 4,773,652,800 bp
Total written (filtered):  4,556,860,130 bp (95.5%)

=== Adapter 1 ===

Sequence: AGATCGGAAGAGCACACGTCTGAACTCCAGTCA; Type: regular 3'; Length: 33; Trimmed: 8258276 times

Minimum overlap: 3
No. of allowed errors:
1-9 bp: 0; 10-19 bp: 1; 20-29 bp: 2; 30-33 bp: 3

Bases preceding removed adapters:
  A: 10.7%
  C: 26.8%
  G: 48.5%
  T: 14.0%
  none/other: 0.0%

Overview of removed sequences
length	count	expect	max.err	error counts
3	556107	497255.5	0	556107
4	259608	124313.9	0	259608
5	198093	31078.5	0	198093
6	175007	7769.6	0	175007
7	170910	1942.4	0	170910
8	169104	485.6	0	169104
9	173624	121.4	0	173095 529
10	173070	30.4	1	167618 5452
11	176220	7.6	1	169523 6697
12	171583	1.9	1	164180 7403
13	173785	0.5	1	165702 8083
14	181561	0.1	1	172929 8632
15	180227	0.0	1	170720 9507
16	167674	0.0	1	158172 9502
17	169016	0.0	1	158487 10529
18	160165	0.0	1	149207 10766 192
19	160118	0.0	1	148349 11475 294
20	163588	0.0	2	150135 11938 1515
21	163035	0.0	2	148967 12368 1700
22	163741	0.0	2	148847 12765 2129
23	162254	0.0	2	147132 12964 2158
24	162712	0.0	2	147130 13388 2194
25	158556	0.0	2	142943 13392 2221
26	155804	0.0	2	139835 13600 2369
27	160641	0.0	2	143799 14257 2437 148
28	148319	0.0	2	132591 13221 2347 160
29	148482	0.0	2	131712 14120 2434 216
30	144998	0.0	3	127611 14084 2588 715
31	141780	0.0	3	124514 13978 2501 787
32	140776	0.0	3	123303 14089 2558 826
33	141069	0.0	3	123683 14031 2482 873
34	136297	0.0	3	119745 13244 2463 845
35	131743	0.0	3	115565 13022 2368 788
36	126769	0.0	3	111220 12493 2276 780
37	136558	0.0	3	119934 13336 2412 876
38	127975	0.0	3	112312 12575 2271 817
39	122259	0.0	3	107441 12001 2112 705
40	120494	0.0	3	105980 11802 1999 713
41	114646	0.0	3	101029 11047 1917 653
42	107526	0.0	3	94623 10480 1811 612
43	104871	0.0	3	92391 10110 1787 583
44	102444	0.0	3	90195 9814 1804 631
45	99072	0.0	3	87097 9795 1617 563
46	92357	0.0	3	81059 9156 1606 536
47	89992	0.0	3	79388 8678 1453 473
48	80908	0.0	3	71206 7903 1366 433
49	79627	0.0	3	70137 7728 1322 440
50	72170	0.0	3	63581 7005 1203 381
51	67897	0.0	3	59716 6648 1151 382
52	64881	0.0	3	57145 6333 1019 384
53	62180	0.0	3	54956 5984 949 291
54	58815	0.0	3	51957 5660 900 298
55	56682	0.0	3	49946 5489 949 298
56	51120	0.0	3	45195 4809 846 270
57	45847	0.0	3	40374 4509 722 242
58	44177	0.0	3	39074 4169 722 212
59	39206	0.0	3	34570 3793 626 217
60	37215	0.0	3	32763 3623 632 197
61	33258	0.0	3	29330 3253 513 162
62	28700	0.0	3	25330 2734 476 160
63	27079	0.0	3	23817 2706 388 168
64	24108	0.0	3	21286 2352 380 90
65	22994	0.0	3	20268 2201 389 136
66	19662	0.0	3	17423 1789 360 90
67	17669	0.0	3	15569 1729 271 100
68	15625	0.0	3	13755 1536 254 80
69	14433	0.0	3	12750 1407 208 68
70	12853	0.0	3	11390 1207 184 72
71	12068	0.0	3	10638 1178 183 69
72	10058	0.0	3	8908 929 169 52
73	8544	0.0	3	7490 859 135 60
74	7723	0.0	3	6840 732 105 46
75	6753	0.0	3	5927 658 120 48
76	6192	0.0	3	5439 602 113 38
77	5064	0.0	3	4490 468 78 28
78	4611	0.0	3	4091 419 75 26
79	4246	0.0	3	3718 413 85 30
80	3565	0.0	3	3108 369 61 27
81	3192	0.0	3	2806 295 60 31
82	2736	0.0	3	2422 245 43 26
83	2516	0.0	3	2205 240 56 15
84	2057	0.0	3	1792 197 52 16
85	1749	0.0	3	1533 168 30 18
86	1591	0.0	3	1391 147 36 17
87	1408	0.0	3	1193 158 33 24
88	1148	0.0	3	1005 98 24 21
89	1011	0.0	3	856 118 17 20
90	1041	0.0	3	899 92 26 24
91	826	0.0	3	701 94 23 8
92	664	0.0	3	557 70 22 15
93	671	0.0	3	551 92 17 11
94	529	0.0	3	450 59 12 8
95	507	0.0	3	430 49 15 13
96	430	0.0	3	361 44 13 12
97	399	0.0	3	327 42 17 13
98	346	0.0	3	267 50 17 12
99	306	0.0	3	254 33 10 9
100	278	0.0	3	229 25 15 9
101	238	0.0	3	185 30 13 10
102	195	0.0	3	160 19 7 9
103	209	0.0	3	150 36 10 13
104	200	0.0	3	157 19 11 13
105	142	0.0	3	104 19 11 8
106	109	0.0	3	86 14 3 6
107	125	0.0	3	99 11 12 3
108	113	0.0	3	86 14 8 5
109	143	0.0	3	106 20 11 6
110	110	0.0	3	78 20 6 6
111	100	0.0	3	73 14 8 5
112	93	0.0	3	68 10 7 8
113	94	0.0	3	56 21 6 11
114	63	0.0	3	41 9 5 8
115	69	0.0	3	42 17 4 6
116	62	0.0	3	35 10 10 7
117	72	0.0	3	48 9 7 8
118	80	0.0	3	50 16 10 4
119	57	0.0	3	43 8 5 1
120	48	0.0	3	27 11 6 4
121	57	0.0	3	33 11 7 6
122	32	0.0	3	17 10 5
123	25	0.0	3	17 6 2
124	25	0.0	3	9 3 5 8
125	19	0.0	3	9 5 2 3
126	17	0.0	3	7 8 2
127	22	0.0	3	14 4 2 2
128	13	0.0	3	7 3 0 3
129	10	0.0	3	7 2 0 1
130	10	0.0	3	7 2 1
131	14	0.0	3	8 2 4
132	11	0.0	3	8 3
133	4	0.0	3	2 2
134	4	0.0	3	4
135	3	0.0	3	2 1
136	4	0.0	3	3 1
137	3	0.0	3	2 1
138	3	0.0	3	3
139	1	0.0	3	1
141	3	0.0	3	1 1 0 1
142	2	0.0	3	2
144	2	0.0	3	0 0 0 2
145	1	0.0	3	1
147	8	0.0	3	3 4 0 1
148	3	0.0	3	1 1 0 1
149	9	0.0	3	0 4 3 2
150	1684	0.0	3	3 1530 139 12
